4.699571547098457813e-02
8.333216584287583828e-02
9.520528411182264950e-02
9.616061194780438359e-02
1.084352002168695178e-01
9.420165590321023796e-02
1.099829862359911203e-01
1.041651446139439940e-01
1.100835280570511970e-01
1.131811833086733970e-01
1.170608131991078410e-01
1.253065271109032042e-01
1.286011061941584044e-01
1.339592744091836207e-01
1.489611586245397634e-01
1.465344000607728958e-01
1.733409332421918803e-01
1.874678787232066102e-01
2.105068217497318983e-01
2.136728234278658933e-01
2.355819984804838896e-01
2.410475058325876885e-01
2.501050559803843498e-01
2.607726559896643148e-01
2.693485833394030915e-01
2.902531091434260024e-01
2.908453069782505618e-01
2.880653045140206814e-01
2.891917726956307888e-01
3.017475114514430179e-01
3.142318480725710406e-01
3.260529739782214165e-01
3.206620615092106164e-01
3.274752553552389145e-01
3.377017710978786336e-01
3.506577741354703903e-01
3.375133063333730088e-01
3.449776154011487961e-01
3.665540323903163089e-01
3.740388605122764720e-01
3.779596981282035695e-01
3.997926254135866775e-01
4.025906700020034923e-01
4.119247092554966794e-01
4.111286271363496780e-01
4.281087207297484265e-01
4.413973477979500903e-01
4.224313683807849884e-01
4.362518781175215854e-01
4.585996977984905243e-01
4.481253859897454395e-01
4.223389613131682263e-01
4.306924274812142239e-01
4.559963898112376346e-01
4.866523531575997485e-01
4.572912218670050488e-01
4.678493620206912174e-01
5.121872058759132651e-01
5.236474722623825073e-01
5.280193897585073737e-01
5.117574172715345648e-01
5.177851952612400055e-01
5.485407362381616858e-01
5.700268844763437537e-01
5.108592957258224487e-01
5.106296588977178308e-01
5.547627024352550507e-01
5.508038693418105813e-01
5.852718862394491461e-01
6.025578988095124933e-01
5.440261326730251312e-01
5.494582802057266235e-01
6.124666159351667138e-01
6.014589418967565271e-01
6.198335339625676843e-01
6.331347599625587463e-01
6.274053268134593964e-01
6.699439709385236474e-01
6.425467369457086297e-01
6.545982683698335913e-01
6.714035632709661749e-01
6.826646775007247925e-01
6.827258840203285217e-01
6.666974437733491632e-01
6.915845411519209174e-01
6.917143190900484351e-01
6.964426798125108453e-01
6.941026834150155755e-01
7.111017778515815735e-01
7.234480840464433404e-01
7.352657268444696692e-01
7.404419556260108948e-01
7.374777706960836676e-01
7.461161538958549500e-01
7.349877407153447839e-01
7.477455909053484229e-01
7.442985574404398230e-01
7.251976703604062768e-01
7.283452637493610382e-01
7.141983235875765113e-01
